Movie Report
------------

Frame #    Frame Bytes    Total Bytes    Page
-------    -----------    -----------    ---------------
    1        213489         213489        Escena 1
    2             2         213491          2
    3             2         213493          3
    4             2         213495          4
    5             2         213497          5
    6             2         213499          6
    7             2         213501          7
    8             2         213503          8
    9             2         213505          9
   10             2         213507          10
   11             2         213509          11
   12             2         213511          12
   13             2         213513          13
   14             2         213515          14
   15             2         213517          15
   16             2         213519          16
   17             2         213521          17
   18             2         213523          18
   19             2         213525          19
   20             2         213527          20
   21             2         213529          21
   22             2         213531          22
   23             2         213533          23
   24             2         213535          24
   25             2         213537          25
   26             2         213539          26
   27             2         213541          27
   28             2         213543          28
   29             2         213545          29
   30             2         213547          30
   31             2         213549          31
   32             2         213551          32
   33             2         213553          33
   34             2         213555          34
   35             2         213557          35
   36             2         213559          36
   37             2         213561          37
   38             2         213563          38
   39             2         213565          39
   40             2         213567          40
   41             2         213569          41
   42             2         213571          42
   43             2         213573          43
   44             2         213575          44
   45             2         213577          45
   46             2         213579          46
   47             2         213581          47
   48             2         213583          48
   49             2         213585          49
   50             2         213587          50
   51             2         213589          51
   52             2         213591          52
   53             2         213593          53
   54             2         213595          54
   55             2         213597          55
   56             2         213599          56
   57             2         213601          57
   58             2         213603          58
   59             2         213605          59
   60             2         213607          60
   61             2         213609          61
   62             2         213611          62
   63             2         213613          63
   64             2         213615          64
   65             2         213617          65
   66             2         213619          66
   67             2         213621          67
   68             2         213623          68
   69             2         213625          69
   70             2         213627          70
   71             2         213629          71
   72             2         213631          72
   73             2         213633          73
   74             2         213635          74
   75             2         213637          75
   76             2         213639          76
   77             2         213641          77
   78             2         213643          78
   79             2         213645          79
   80             2         213647          80
   81             2         213649          81
   82             2         213651          82
   83             2         213653          83
   84             2         213655          84
   85             2         213657          85
   86             2         213659          86
   87             2         213661          87
   88             2         213663          88
   89             2         213665          89
   90             2         213667          90
   91             2         213669          91
   92             2         213671          92
   93             2         213673          93
   94             2         213675          94
   95             2         213677          95
   96        133843         347520          96
   97            22         347542          97
   98            22         347564          98
   99            22         347586          99
  100            22         347608          100
  101            22         347630          101
  102            22         347652          102
  103            22         347674          103
  104            22         347696          104
  105            22         347718          105
  106            22         347740          106
  107             6         347746          107
  108             2         347748          108
  109             2         347750          109
  110             2         347752          110
  111             2         347754          111
  112             2         347756          112
  113             2         347758          113
  114             2         347760          114
  115             2         347762          115
  116             2         347764          116
  117             2         347766          117
  118             2         347768          118
  119             2         347770          119
  120             2         347772          120
  121             2         347774          121
  122             2         347776          122
  123             2         347778          123
  124             2         347780          124
  125             2         347782          125
  126             2         347784          126
  127             2         347786          127
  128             2         347788          128
  129             2         347790          129
  130             2         347792          130
  131             2         347794          131
  132             2         347796          132
  133             2         347798          133
  134             2         347800          134
  135             2         347802          135
  136             2         347804          136
  137             2         347806          137
  138             2         347808          138
  139             2         347810          139
  140             2         347812          140
  141             2         347814          141
  142             2         347816          142
  143             2         347818          143
  144             2         347820          144
  145             2         347822          145
  146             2         347824          146
  147             2         347826          147
  148             2         347828          148
  149             2         347830          149
  150             2         347832          150
  151             2         347834          151
  152             2         347836          152
  153             2         347838          153
  154             2         347840          154
  155             2         347842          155
  156             2         347844          156
  157             2         347846          157
  158             2         347848          158
  159             2         347850          159
  160             2         347852          160
  161             2         347854          161
  162             2         347856          162
  163             2         347858          163
  164             2         347860          164
  165             2         347862          165
  166             2         347864          166
  167             2         347866          167
  168             2         347868          168
  169             2         347870          169
  170             2         347872          170
  171             2         347874          171
  172             2         347876          172
  173             2         347878          173
  174             2         347880          174
  175             2         347882          175
  176             2         347884          176
  177             2         347886          177
  178             2         347888          178
  179             2         347890          179
  180             2         347892          180
  181             2         347894          181
  182             2         347896          182
  183             2         347898          183
  184             2         347900          184
  185             2         347902          185
  186             2         347904          186
  187             2         347906          187
  188             2         347908          188
  189             2         347910          189
  190             2         347912          190
  191             2         347914          191
  192             2         347916          192
  193             2         347918          193
  194             2         347920          194
  195             2         347922          195
  196             2         347924          196
  197             2         347926          197
  198             2         347928          198
  199             2         347930          199
  200             2         347932          200
  201        215474         563406          201
  202            22         563428          202
  203            22         563450          203
  204            22         563472          204
  205            22         563494          205
  206            22         563516          206
  207            22         563538          207
  208            22         563560          208
  209            22         563582          209
  210            22         563604          210
  211            22         563626          211
  212             6         563632          212
  213             2         563634          213
  214             2         563636          214
  215             2         563638          215
  216             2         563640          216
  217             2         563642          217
  218             2         563644          218
  219             2         563646          219
  220             2         563648          220
  221             2         563650          221
  222             2         563652          222
  223             2         563654          223
  224             2         563656          224
  225             2         563658          225
  226             2         563660          226
  227             2         563662          227
  228             2         563664          228
  229             2         563666          229
  230             2         563668          230
  231             2         563670          231
  232             2         563672          232
  233             2         563674          233
  234             2         563676          234
  235             2         563678          235
  236             2         563680          236
  237             2         563682          237
  238             2         563684          238
  239             2         563686          239
  240             2         563688          240
  241             2         563690          241
  242             2         563692          242
  243             2         563694          243
  244             2         563696          244
  245             2         563698          245
  246             2         563700          246
  247             2         563702          247
  248             2         563704          248
  249             2         563706          249
  250             2         563708          250
  251             2         563710          251
  252             2         563712          252
  253             2         563714          253
  254             2         563716          254
  255             2         563718          255
  256             2         563720          256
  257             2         563722          257
  258             2         563724          258
  259             2         563726          259
  260             2         563728          260
  261             2         563730          261
  262             2         563732          262
  263             2         563734          263
  264             2         563736          264
  265             2         563738          265
  266             2         563740          266
  267             2         563742          267
  268             2         563744          268
  269             2         563746          269
  270             2         563748          270
  271             2         563750          271
  272             2         563752          272
  273             2         563754          273
  274             2         563756          274
  275             2         563758          275
  276             2         563760          276
  277             2         563762          277
  278             2         563764          278
  279             2         563766          279
  280             2         563768          280
  281             2         563770          281
  282             2         563772          282
  283             2         563774          283
  284             2         563776          284
  285             2         563778          285
  286             2         563780          286
  287             2         563782          287
  288             2         563784          288
  289             2         563786          289
  290             2         563788          290
  291             2         563790          291
  292             2         563792          292
  293             2         563794          293
  294             2         563796          294
  295             2         563798          295
  296             2         563800          296
  297             2         563802          297
  298             2         563804          298
  299             2         563806          299
  300             2         563808          300
  301             2         563810          301
  302             2         563812          302
  303             2         563814          303
  304             2         563816          304
  305             2         563818          305
  306        134224         698042          306
  307            22         698064          307
  308            22         698086          308
  309            22         698108          309
  310            22         698130          310
  311            22         698152          311
  312            22         698174          312
  313            22         698196          313
  314            22         698218          314
  315            22         698240          315
  316            22         698262          316
  317             6         698268          317
  318             2         698270          318
  319             2         698272          319
  320             2         698274          320
  321             2         698276          321
  322             2         698278          322
  323             2         698280          323
  324             2         698282          324
  325             2         698284          325
  326             2         698286          326
  327             2         698288          327
  328             2         698290          328
  329             2         698292          329
  330             2         698294          330
  331             2         698296          331
  332             2         698298          332
  333             2         698300          333
  334             2         698302          334
  335             2         698304          335
  336             2         698306          336
  337             2         698308          337
  338             2         698310          338
  339             2         698312          339
  340             2         698314          340
  341             2         698316          341
  342             2         698318          342
  343             2         698320          343
  344             2         698322          344
  345             2         698324          345
  346             2         698326          346
  347             2         698328          347
  348             2         698330          348
  349             2         698332          349
  350             2         698334          350
  351             2         698336          351
  352             2         698338          352
  353             2         698340          353
  354             2         698342          354
  355             2         698344          355
  356             2         698346          356
  357             2         698348          357
  358             2         698350          358
  359             2         698352          359
  360             2         698354          360
  361             2         698356          361
  362             2         698358          362
  363             2         698360          363
  364             2         698362          364
  365             2         698364          365
  366             2         698366          366
  367             2         698368          367
  368             2         698370          368
  369             2         698372          369
  370             2         698374          370
  371             2         698376          371
  372             2         698378          372
  373             2         698380          373
  374             2         698382          374
  375             2         698384          375
  376             2         698386          376
  377             2         698388          377
  378             2         698390          378
  379             2         698392          379
  380             2         698394          380
  381             2         698396          381
  382             2         698398          382
  383             2         698400          383
  384             2         698402          384
  385             2         698404          385
  386             2         698406          386
  387             2         698408          387
  388             2         698410          388
  389             2         698412          389
  390             2         698414          390
  391             2         698416          391
  392             2         698418          392
  393             2         698420          393
  394             2         698422          394
  395             2         698424          395
  396             2         698426          396
  397             2         698428          397
  398             2         698430          398
  399             2         698432          399
  400             2         698434          400
  401             2         698436          401
  402             2         698438          402
  403             2         698440          403
  404             2         698442          404
  405             2         698444          405
  406             2         698446          406
  407             2         698448          407
  408             2         698450          408
  409             2         698452          409
  410             2         698454          410
  411         76979         775433          411
  412            22         775455          412
  413            22         775477          413
  414            22         775499          414
  415            22         775521          415
  416            22         775543          416
  417            22         775565          417
  418            22         775587          418
  419            22         775609          419
  420            22         775631          420
  421            22         775653          421
  422             6         775659          422
  423             2         775661          423
  424             2         775663          424
  425             2         775665          425
  426             2         775667          426
  427             2         775669          427
  428             2         775671          428
  429             2         775673          429
  430             2         775675          430
  431             2         775677          431
  432             2         775679          432
  433             2         775681          433
  434             2         775683          434
  435             2         775685          435
  436             2         775687          436
  437             2         775689          437
  438             2         775691          438
  439             2         775693          439
  440             2         775695          440
  441             2         775697          441
  442             2         775699          442
  443             2         775701          443
  444             2         775703          444
  445             2         775705          445
  446             2         775707          446
  447             2         775709          447
  448             2         775711          448
  449             2         775713          449
  450             2         775715          450
  451             2         775717          451
  452             2         775719          452
  453             2         775721          453
  454             2         775723          454
  455             2         775725          455
  456             2         775727          456
  457             2         775729          457
  458             2         775731          458
  459             2         775733          459
  460             2         775735          460
  461             2         775737          461
  462             2         775739          462
  463             2         775741          463
  464             2         775743          464
  465             2         775745          465
  466             2         775747          466
  467             2         775749          467
  468             2         775751          468
  469             2         775753          469
  470             2         775755          470
  471             2         775757          471
  472             2         775759          472
  473             2         775761          473
  474             2         775763          474
  475             2         775765          475
  476             2         775767          476
  477             2         775769          477
  478             2         775771          478
  479             2         775773          479
  480             2         775775          480
  481             2         775777          481
  482             2         775779          482
  483             2         775781          483
  484             2         775783          484
  485             2         775785          485
  486             2         775787          486
  487             2         775789          487
  488             2         775791          488
  489             2         775793          489
  490             2         775795          490
  491             2         775797          491
  492             2         775799          492
  493             2         775801          493
  494             2         775803          494
  495             2         775805          495
  496             2         775807          496
  497             2         775809          497
  498             2         775811          498
  499             2         775813          499
  500             2         775815          500
  501             2         775817          501
  502             2         775819          502
  503             2         775821          503
  504             2         775823          504
  505             2         775825          505
  506             2         775827          506
  507             2         775829          507
  508             2         775831          508
  509             2         775833          509
  510             2         775835          510
  511             2         775837          511
  512             2         775839          512
  513             2         775841          513
  514             2         775843          514
  515             2         775845          515
  516         44516         820361          516
  517            22         820383          517
  518            22         820405          518
  519            22         820427          519
  520            22         820449          520
  521            22         820471          521
  522            22         820493          522
  523            22         820515          523
  524            22         820537          524
  525            22         820559          525
  526            22         820581          526
  527             6         820587          527
  528             2         820589          528
  529             2         820591          529
  530             2         820593          530
  531             2         820595          531
  532             2         820597          532
  533             2         820599          533
  534             2         820601          534
  535             2         820603          535
  536             2         820605          536
  537             2         820607          537
  538             2         820609          538
  539             2         820611          539
  540             2         820613          540
  541             2         820615          541
  542             2         820617          542
  543             2         820619          543
  544             2         820621          544
  545             2         820623          545
  546             2         820625          546
  547             2         820627          547
  548             2         820629          548
  549             2         820631          549
  550             2         820633          550
  551             2         820635          551
  552             2         820637          552
  553             2         820639          553
  554             2         820641          554
  555             2         820643          555
  556             2         820645          556
  557             2         820647          557
  558             2         820649          558
  559             2         820651          559
  560             2         820653          560
  561             2         820655          561
  562             2         820657          562
  563             2         820659          563
  564             2         820661          564
  565             2         820663          565
  566             2         820665          566
  567             2         820667          567
  568             2         820669          568
  569             2         820671          569
  570             2         820673          570
  571             2         820675          571
  572             2         820677          572
  573             2         820679          573
  574             2         820681          574
  575             2         820683          575
  576             2         820685          576
  577             2         820687          577
  578             2         820689          578
  579             2         820691          579
  580             2         820693          580
  581             2         820695          581
  582             2         820697          582
  583             2         820699          583
  584             2         820701          584
  585             2         820703          585
  586             2         820705          586
  587             2         820707          587
  588             2         820709          588
  589             2         820711          589
  590             2         820713          590
  591             2         820715          591
  592             2         820717          592
  593             2         820719          593
  594             2         820721          594
  595             2         820723          595
  596             2         820725          596
  597             2         820727          597
  598             2         820729          598
  599             2         820731          599
  600             2         820733          600
  601             2         820735          601
  602             2         820737          602
  603             2         820739          603
  604             2         820741          604
  605             2         820743          605
  606             2         820745          606
  607             2         820747          607
  608             2         820749          608
  609             2         820751          609
  610             2         820753          610
  611             2         820755          611
  612             2         820757          612
  613             2         820759          613
  614             2         820761          614
  615             2         820763          615
  616             2         820765          616
  617             2         820767          617
  618             2         820769          618
  619             2         820771          619
  620             2         820773          620
  621        124158         944931          621
  622            22         944953          622
  623            22         944975          623
  624            22         944997          624
  625            22         945019          625
  626            22         945041          626
  627            22         945063          627
  628            22         945085          628
  629            22         945107          629
  630            22         945129          630
  631            22         945151          631
  632             6         945157          632
  633             2         945159          633
  634             2         945161          634
  635             2         945163          635
  636             2         945165          636
  637             2         945167          637
  638             2         945169          638
  639             2         945171          639
  640             2         945173          640
  641             2         945175          641
  642             2         945177          642
  643             2         945179          643
  644             2         945181          644
  645             2         945183          645
  646             2         945185          646
  647             2         945187          647
  648             2         945189          648
  649             2         945191          649
  650             2         945193          650
  651             2         945195          651
  652             2         945197          652
  653             2         945199          653
  654             2         945201          654
  655             2         945203          655
  656             2         945205          656
  657             2         945207          657
  658             2         945209          658
  659             2         945211          659
  660             2         945213          660
  661             2         945215          661
  662             2         945217          662
  663             2         945219          663
  664             2         945221          664
  665             2         945223          665
  666             2         945225          666
  667             2         945227          667
  668             2         945229          668
  669             2         945231          669
  670             2         945233          670
  671             2         945235          671
  672             2         945237          672
  673             2         945239          673
  674             2         945241          674
  675             2         945243          675
  676             2         945245          676
  677             2         945247          677
  678             2         945249          678
  679             2         945251          679
  680             2         945253          680
  681             2         945255          681
  682             2         945257          682
  683             2         945259          683
  684             2         945261          684
  685             2         945263          685
  686             2         945265          686
  687             2         945267          687
  688             2         945269          688
  689             2         945271          689
  690             2         945273          690
  691             2         945275          691
  692             2         945277          692
  693             2         945279          693
  694             2         945281          694
  695             2         945283          695
  696             2         945285          696
  697             2         945287          697
  698             2         945289          698
  699             2         945291          699
  700             2         945293          700
  701             2         945295          701
  702             2         945297          702
  703             2         945299          703
  704             2         945301          704
  705             2         945303          705
  706             2         945305          706
  707             2         945307          707
  708             2         945309          708
  709             2         945311          709
  710             2         945313          710
  711             2         945315          711
  712             2         945317          712
  713             2         945319          713
  714             2         945321          714
  715             2         945323          715
  716             2         945325          716
  717             2         945327          717
  718             2         945329          718
  719             2         945331          719
  720             2         945333          720
  721             2         945335          721
  722             2         945337          722
  723             2         945339          723
  724             2         945341          724
  725             2         945343          725
  726            14         945357          726
  727            22         945379          727
  728            22         945401          728
  729            22         945423          729
  730            22         945445          730
  731            22         945467          731
  732            22         945489          732
  733            22         945511          733
  734            22         945533          734
  735            22         945555          735
  736            22         945577          736

Page                       Shape Bytes    Text Bytes
-----------------------    -----------    ----------
Escena 1                         59           191

Embedded Objects                434             0

Symbol                     Shape Bytes    Text Bytes
-----------------------    -----------    ----------
Interpolación 9                   0             0
Interpolación 8                   0             0
Interpolación 7                   0             0
Interpolación 6                   0             0
Interpolación 5                   0             0
Interpolación 4                   0             0
Interpolación 3                   0             0
Interpolación 2                   0             0
Interpolación 1                   0             0

Bitmap                     Compressed  Original    Compression
-----------------------    ----------  ----------  ------------
foto10.jpg                    124082     1080000   Imported JPEGfoto5.jpg                      44440     1080000   Imported JPEGfoto8.jpg                      76903     1080000   Imported JPEGfoto9.jpg                     134148     1084804   Imported JPEGfoto12.jpg                    215398     1080000   Imported JPEGfoto11.jpg                    133767     1080000   Imported JPEGfoto4.jpg                     209330     1080000   Imported JPEG
Font Name                  Bytes       Characters
-----------------------    --------    -----------
Calibri Bold                 1301         01245AMRÇ
Calibri Italic               2474         '36acdehinoprstó
